3,1033.33
3.02,933.333
3.04,1233.33
3.06,916.667
3.08,800
3.1,800
3.12,1000
3.14,700
3.16,300
3.18,583.333
3.2,583.333
3.22,583.333
3.24,200
3.26,383.333
3.28,466.667
3.3,566.667
3.32,650
3.34,466.667
3.36,733.333
3.38,650
3.4,366.667
3.42,366.667
3.44,550
3.46,450
3.48,633.333
3.5,450
3.52,266.667
3.54,783.333
3.56,616.667
3.58,266.667
3.6,516.667
3.62,683.333
3.64,350
3.66,683.333
3.68,333.333
3.7,0
3.72,416.667
3.74,333.333
3.76,666.667
3.78,416.667
3.8,650
3.82,483.333
3.84,400
3.86,250
3.88,166.667
3.9,400
3.92,483.333
3.94,400
3.96,233.333
3.98,316.667
4,316.667
4.02,316.667
4.04,233.333
4.06,300
4.08,233.333
4.1,83.3333
4.12,150
4.14,150
4.16,450
4.18,300
4.2,150
4.22,150
4.24,150
4.26,66.6667
4.28,150
4.3,216.667
4.32,66.6667
4.34,283.333
4.36,216.667
4.38,66.6667
4.4,283.333
4.42,66.6667
4.44,66.6667
4.46,216.667
4.48,66.6667
4.5,66.6667
4.52,66.6667
4.54,200
4.56,133.333
4.58,200
4.6,133.333
4.62,266.667
4.64,133.333
4.66,66.6667
4.68,133.333
4.7,0
4.72,66.6667
4.74,66.6667
4.76,66.6667
4.78,133.333
4.8,200
4.82,250
4.84,133.333
4.86,66.6667
4.88,133.333
4.9,133.333
4.92,133.333
4.94,133.333
4.96,66.6667
4.98,116.667
5,116.667
5.02,66.6667
5.04,116.667
5.06,116.667
5.08,116.667
5.1,183.333
5.12,116.667
5.14,116.667
5.16,183.333
5.18,116.667
5.2,116.667
5.22,116.667
5.24,66.6667
5.26,183.333
5.28,116.667
5.3,66.6667
5.32,116.667
5.34,116.667
5.36,166.667
5.38,116.667
5.4,116.667
5.42,0
5.44,50
5.46,116.667
5.48,116.667
5.5,116.667
5.52,50
5.54,116.667
5.56,166.667
5.58,166.667
5.6,50
5.62,50
5.64,116.667
5.66,116.667
5.68,50
5.7,116.667
5.72,50
5.74,0
5.76,0
5.78,50
5.8,216.667
5.82,166.667
5.84,166.667
5.86,100
5.88,50
5.9,50
5.92,150
5.94,150
5.96,100
5.98,100
6,150
6.02,100
6.04,150
6.06,100
6.08,100
6.1,50
6.12,50
6.14,100
6.16,150
6.18,100
6.2,100
6.22,100
6.24,50
6.26,0
6.28,50
6.3,100
6.32,150
6.34,100
6.36,100
6.38,100
6.4,50
6.42,50
6.44,100
6.46,50
6.48,100
6.5,100
6.52,100
6.54,100
6.56,150
6.58,100
6.6,100
6.62,133.333
6.64,50
6.66,100
6.68,133.333
6.7,100
6.72,100
6.74,0
6.76,50
6.78,0
6.8,83.3333
6.82,0
6.84,50
6.86,133.333
6.88,50
6.9,83.3333
6.92,50
6.94,0
6.96,83.3333
6.98,50
7,50
7.02,133.333
7.04,50
7.06,0
7.08,83.3333
7.1,0
7.12,133.333
7.14,50
7.16,83.3333
7.18,50
7.2,50
7.22,0
7.24,50
7.26,0
7.28,83.3333
7.3,0
7.32,133.333
7.34,50
7.36,0
7.38,83.3333
7.4,50
7.42,0
7.44,133.333
7.46,50
7.48,0
7.5,33.3333
7.52,166.667
7.54,33.3333
7.56,116.667
7.58,33.3333
7.6,166.667
7.62,33.3333
7.64,33.3333
7.66,83.3333
7.68,0
7.7,116.667
7.72,33.3333
7.74,0
7.76,0
7.78,83.3333
7.8,0
7.82,116.667
7.84,83.3333
7.86,0
7.88,33.3333
7.9,33.3333
7.92,83.3333
7.94,116.667
7.96,83.3333
7.98,83.3333
8,0
8.02,33.3333
8.04,33.3333
8.06,33.3333
8.08,0
8.1,33.3333
8.12,33.3333
8.14,33.3333
8.16,83.3333
8.18,183.333
8.2,33.3333
8.22,116.667
8.24,0
8.26,83.3333
8.28,83.3333
8.3,0
8.32,33.3333
8.34,116.667
8.36,66.6667
8.38,66.6667
8.4,33.3333
8.42,183.333
8.44,66.6667
8.46,66.6667
8.48,33.3333
8.5,66.6667
8.52,150
8.54,116.667
8.56,33.3333
8.58,66.6667
8.6,150
8.62,33.3333
8.64,33.3333
8.66,0
8.68,33.3333
8.7,33.3333
8.72,33.3333
8.74,150
8.76,150
8.78,216.667
8.8,66.6667
8.82,66.6667
8.84,33.3333
8.86,33.3333
8.88,66.6667
8.9,133.333
8.92,66.6667
8.94,66.6667
8.96,100
8.98,0
9,33.3333
9.02,100
9.04,66.6667
9.06,66.6667
9.08,66.6667
9.1,66.6667
9.12,66.6667
9.14,33.3333
9.16,100
9.18,66.6667
9.2,133.333
9.22,66.6667
9.24,66.6667
9.26,100
9.28,0
9.3,33.3333
9.32,100
9.34,33.3333
9.36,33.3333
9.38,133.333
9.4,166.667
9.42,100
9.44,100
9.46,33.3333
9.48,66.6667
9.5,66.6667
9.52,0
9.54,33.3333
9.56,100
9.58,66.6667
9.6,33.3333
9.62,66.6667
9.64,33.3333
9.66,166.667
9.68,100
9.7,133.333
9.72,100
9.74,33.3333
9.76,100
9.78,100
9.8,0
9.82,33.3333
9.84,133.333
9.86,66.6667
9.88,66.6667
9.9,33.3333
9.92,66.6667
9.94,66.6667
9.96,33.3333
9.98,33.3333
10,66.6667
10.02,33.3333
10.04,66.6667
10.06,33.3333
10.08,100
10.1,100
10.12,66.6667
10.14,66.6667
10.16,116.667
10.18,66.6667
10.2,116.667
10.22,116.667
10.24,83.3333
10.26,66.6667
10.28,33.3333
10.3,66.6667
10.32,66.6667
10.34,116.667
10.36,116.667
10.38,66.6667
10.4,83.3333
10.42,66.6667
10.44,33.3333
10.46,83.3333
10.48,66.6667
10.5,66.6667
10.52,66.6667
10.54,116.667
10.56,83.3333
10.58,66.6667
10.6,83.3333
10.62,33.3333
10.64,0
10.66,33.3333
10.68,66.6667
10.7,116.667
10.72,116.667
10.74,50
10.76,50
10.78,33.3333
10.8,50
10.82,33.3333
10.84,50
10.86,150
10.88,50
10.9,33.3333
10.92,50
10.94,33.3333
10.96,0
10.98,33.3333
11,83.3333
11.02,83.3333
11.04,33.3333
11.06,0
11.08,0
11.1,33.3333
11.12,50
11.14,50
11.16,33.3333
11.18,33.3333
11.2,33.3333
11.22,33.3333
11.24,33.3333
11.26,33.3333
11.28,33.3333
11.3,33.3333
11.32,33.3333
11.34,0
11.36,33.3333
11.38,33.3333
11.4,33.3333
11.42,33.3333
11.44,50
11.46,50
11.48,0
11.5,33.3333
11.52,50
11.54,50
11.56,33.3333
11.58,33.3333
11.6,33.3333
11.62,50
11.64,33.3333
11.66,83.3333
11.68,50
11.7,33.3333
11.72,33.3333
11.74,33.3333
11.76,33.3333
11.78,33.3333
11.8,33.3333
11.82,100
11.84,83.3333
11.86,33.3333
11.88,33.3333
11.9,0
11.92,0
11.94,33.3333
11.96,50
11.98,33.3333
12,33.3333
12.02,0
12.04,0
12.06,33.3333
12.08,50
12.1,50
12.12,33.3333
12.14,0
12.16,33.3333
12.18,50
12.2,33.3333
12.22,50
12.24,83.3333
12.26,50
12.28,33.3333
12.3,50
12.32,100
12.34,50
12.36,0
12.38,0
12.4,33.3333
12.42,50
12.44,83.3333
12.46,83.3333
12.48,50
12.5,50
12.52,0
12.54,16.6667
12.56,50
12.58,50
12.6,16.6667
12.62,16.6667
12.64,50
12.66,16.6667
12.68,16.6667
12.7,66.6667
12.72,50
12.74,50
12.76,16.6667
12.78,16.6667
12.8,50
12.82,16.6667
12.84,50
12.86,66.6667
12.88,50
12.9,50
12.92,50
12.94,50
12.96,50
12.98,50
13,16.6667
13.02,16.6667
13.04,50
13.06,16.6667
13.08,0
13.1,50
13.12,50
13.14,16.6667
13.16,16.6667
13.18,16.6667
13.2,16.6667
13.22,50
13.24,16.6667
13.26,50
13.28,16.6667
13.3,50
13.32,50
13.34,50
13.36,66.6667
13.38,50
13.4,0
13.42,0
13.44,50
13.46,100
13.48,50
13.5,0
13.52,0
13.54,16.6667
13.56,16.6667
13.58,50
13.6,16.6667
13.62,16.6667
13.64,50
13.66,16.6667
13.68,50
13.7,16.6667
13.72,16.6667
13.74,50
13.76,16.6667
13.78,50
13.8,50
13.82,50
13.84,16.6667
13.86,66.6667
13.88,16.6667
13.9,16.6667
13.92,66.6667
13.94,50
13.96,66.6667
13.98,50
14,16.6667
14.02,16.6667
14.04,66.6667
14.06,83.3333
14.08,50
14.1,16.6667
14.12,0
14.14,50
14.16,66.6667
14.18,16.6667
14.2,16.6667
14.22,50
14.24,16.6667
14.26,16.6667
14.28,0
14.3,50
14.32,83.3333
14.34,66.6667
14.36,16.6667
14.38,50
14.4,50
14.42,66.6667
14.44,16.6667
14.46,16.6667
14.48,50
14.5,50
14.52,66.6667
14.54,50
14.56,50
14.58,50
14.6,66.6667
14.62,83.3333
14.64,50
14.66,16.6667
14.68,50
14.7,50
14.72,16.6667
14.74,16.6667
14.76,16.6667
14.78,66.6667
14.8,83.3333
14.82,66.6667
14.84,50
14.86,66.6667
14.88,50
14.9,50
14.92,50
14.94,16.6667
14.96,50
14.98,33.3333
15,83.3333
15.02,116.667
15.04,83.3333
15.06,33.3333
15.08,16.6667
15.1,33.3333
15.12,83.3333
15.14,83.3333
15.16,66.6667
15.18,66.6667
15.2,0
15.22,16.6667
15.24,33.3333
15.26,83.3333
15.28,100
15.3,83.3333
15.32,83.3333
15.34,66.6667
15.36,66.6667
15.38,83.3333
15.4,33.3333
15.42,16.6667
15.44,33.3333
15.46,66.6667
15.48,33.3333
15.5,83.3333
15.52,100
15.54,66.6667
15.56,16.6667
15.58,83.3333
15.6,83.3333
15.62,33.3333
15.64,66.6667
15.66,33.3333
15.68,66.6667
15.7,100
15.72,83.3333
15.74,83.3333
15.76,33.3333
15.78,83.3333
15.8,100
15.82,116.667
15.84,83.3333
15.86,83.3333
15.88,133.333
15.9,100
15.92,83.3333
15.94,83.3333
15.96,66.6667
15.98,83.3333
16,66.6667
16.02,66.6667
16.04,116.667
16.06,100
16.08,83.3333
16.1,116.667
16.12,83.3333
16.14,133.333
16.16,83.3333
16.18,83.3333
16.2,116.667
16.22,116.667
16.24,83.3333
16.26,83.3333
16.28,83.3333
16.3,116.667
16.32,116.667
16.34,50
16.36,100
16.38,116.667
16.4,100
16.42,133.333
16.44,133.333
16.46,100
16.48,100
16.5,116.667
16.52,150
16.54,133.333
16.56,133.333
16.58,100
16.6,100
16.62,116.667
16.64,116.667
16.66,100
16.68,100
16.7,50
16.72,66.6667
16.74,116.667
16.76,133.333
16.78,266.667
16.8,66.6667
16.82,33.3333
16.84,50
16.86,33.3333
16.88,100
16.9,116.667
16.92,66.6667
16.94,133.333
16.96,66.6667
16.98,66.6667
17,133.333
17.02,66.6667
17.04,50
17.06,116.667
17.08,66.6667
17.1,116.667
17.12,150
17.14,116.667
17.16,66.6667
17.18,83.3333
17.2,116.667
17.22,150
17.24,166.667
17.26,116.667
17.28,150
17.3,66.6667
17.32,100
17.34,83.3333
17.36,150
17.38,100
17.4,133.333
17.42,100
17.44,200
17.46,183.333
17.48,66.6667
17.5,66.6667
17.52,116.667
17.54,250
17.56,183.333
17.58,116.667
17.6,100
17.62,216.667
17.64,200
17.66,150
17.68,116.667
17.7,150
17.72,183.333
17.74,100
17.76,200
17.78,116.667
17.8,133.333
17.82,133.333
17.84,133.333
17.86,216.667
17.88,133.333
17.9,100
17.92,83.3333
17.94,33.3333
17.96,216.667
17.98,216.667
18,150
18.02,150
18.04,216.667
18.06,116.667
18.08,100
18.1,183.333
18.12,150
18.14,183.333
18.16,200
18.18,233.333
18.2,200
18.22,200
18.24,133.333
18.26,200
18.28,150
18.3,83.3333
18.32,233.333
18.34,166.667
18.36,100
18.38,183.333
18.4,83.3333
18.42,83.3333
18.44,166.667
18.46,133.333
18.48,250
18.5,133.333
18.52,183.333
18.54,233.333
18.56,233.333
18.58,200
18.6,200
18.62,150
18.64,116.667
18.66,133.333
18.68,200
18.7,133.333
18.72,216.667
18.74,150
18.76,183.333
18.78,233.333
18.8,116.667
18.82,150
18.84,183.333
18.86,150
18.88,200
18.9,233.333
18.92,200
18.94,266.667
18.96,266.667
18.98,216.667
19,133.333
19.02,166.667
19.04,283.333
19.06,133.333
19.08,166.667
19.1,200
19.12,216.667
19.14,200
19.16,266.667
19.18,216.667
19.2,166.667
19.22,250
19.24,216.667
19.26,166.667
19.28,200
19.3,133.333
19.32,233.333
19.34,133.333
19.36,216.667
19.38,166.667
19.4,250
19.42,233.333
19.44,166.667
19.46,300
19.48,183.333
19.5,200
19.52,250
19.54,316.667
19.56,183.333
19.58,233.333
19.6,183.333
19.62,233.333
19.64,216.667
19.66,183.333
19.68,150
19.7,150
19.72,200
19.74,266.667
19.76,300
19.78,266.667
19.8,266.667
19.82,233.333
19.84,283.333
19.86,266.667
19.88,250
19.9,216.667
19.92,266.667
19.94,250
19.96,200
19.98,200
20,316.667
20.02,200
20.04,283.333
20.06,233.333
20.08,233.333
20.1,200
20.12,183.333
20.14,350
20.16,283.333
20.18,233.333
20.2,316.667
20.22,300
20.24,200
20.26,266.667
20.28,283.333
20.3,233.333
20.32,266.667
20.34,200
20.36,200
20.38,150
20.4,266.667
20.42,200
20.44,200
20.46,300
20.48,266.667
20.5,266.667
20.52,266.667
20.54,283.333
20.56,283.333
20.58,216.667
20.6,200
20.62,316.667
20.64,283.333
20.66,283.333
20.68,250
20.7,250
20.72,233.333
20.74,233.333
20.76,283.333
20.78,250
20.8,233.333
20.82,316.667
20.84,283.333
20.86,300
20.88,300
20.9,333.333
20.92,350
20.94,283.333
20.96,366.667
20.98,266.667
21,183.333
21.02,266.667
21.04,300
21.06,283.333
21.08,300
21.1,266.667
21.12,266.667
21.14,433.333
21.16,366.667
21.18,250
21.2,283.333
21.22,316.667
21.24,333.333
21.26,350
21.28,283.333
21.3,216.667
21.32,300
21.34,316.667
21.36,333.333
21.38,316.667
21.4,333.333
21.42,316.667
21.44,316.667
21.46,283.333
21.48,300
21.5,316.667
21.52,283.333
21.54,216.667
21.56,200
21.58,283.333
21.6,266.667
21.62,266.667
21.64,266.667
21.66,233.333
21.68,300
21.7,333.333
21.72,266.667
21.74,350
21.76,316.667
21.78,316.667
21.8,400
21.82,350
21.84,316.667
21.86,366.667
21.88,350
21.9,350
21.92,350
21.94,350
21.96,300
21.98,333.333
22,383.333
22.02,300
22.04,383.333
22.06,400
22.08,266.667
22.1,333.333
22.12,383.333
22.14,316.667
22.16,283.333
22.18,316.667
22.2,383.333
22.22,400
22.24,350
22.26,383.333
22.28,466.667
22.3,433.333
22.32,350
22.34,283.333
22.36,316.667
22.38,350
22.4,350
22.42,316.667
22.44,366.667
22.46,366.667
22.48,350
22.5,383.333
22.52,366.667
22.54,366.667
22.56,383.333
22.58,416.667
22.6,366.667
22.62,366.667
22.64,383.333
22.66,333.333
22.68,300
22.7,350
22.72,416.667
22.74,366.667
22.76,416.667
22.78,383.333
22.8,366.667
22.82,433.333
22.84,450
22.86,333.333
22.88,300
22.9,333.333
22.92,333.333
22.94,350
22.96,366.667
22.98,216.667
23,400
23.02,416.667
23.04,383.333
23.06,466.667
23.08,433.333
23.1,466.667
23.12,466.667
23.14,450
23.16,350
23.18,366.667
23.2,400
23.22,500
23.24,433.333
23.26,466.667
23.28,450
23.3,350
23.32,400
23.34,466.667
23.36,433.333
23.38,400
23.4,416.667
23.42,483.333
23.44,400
23.46,433.333
23.48,433.333
23.5,550
23.52,466.667
23.54,450
23.56,483.333
23.58,466.667
23.6,550
23.62,466.667
23.64,400
23.66,366.667
23.68,366.667
23.7,283.333
23.72,366.667
23.74,383.333
23.76,433.333
23.78,333.333
23.8,466.667
23.82,450
23.84,433.333
23.86,350
23.88,533.333
23.9,366.667
23.92,516.667
23.94,550
23.96,400
23.98,433.333
24,366.667
24.02,433.333
24.04,433.333
24.06,466.667
24.08,433.333
24.1,316.667
24.12,400
24.14,283.333
24.16,316.667
24.18,400
24.2,400
24.22,350
24.24,300
24.26,416.667
24.28,450
24.3,316.667
24.32,383.333
24.34,433.333
24.36,400
24.38,316.667
24.4,500
24.42,416.667
24.44,350
24.46,500
24.48,400
24.5,266.667
24.52,316.667
24.54,416.667
24.56,300
24.58,316.667
24.6,450
24.62,400
24.64,500
24.66,500
24.68,400
24.7,400
24.72,383.333
24.74,466.667
24.76,416.667
24.78,416.667
24.8,316.667
24.82,283.333
24.84,433.333
24.86,316.667
24.88,300
24.9,433.333
24.92,550
24.94,583.333
24.96,433.333
24.98,433.333
25,450
25.02,466.667
25.04,383.333
25.06,400
25.08,616.667
25.1,533.333
25.12,400
25.14,216.667
25.16,433.333
25.18,416.667
25.2,333.333
25.22,366.667
25.24,733.333
25.26,600
25.28,400
25.3,500
25.32,633.333
25.34,700
25.36,1016.67
25.38,1550
25.4,2016.67
25.42,2250
25.44,2416.67
25.46,2550
25.48,2450
25.5,2333.33
25.52,2833.33
25.54,4766.67
25.56,12633.3
25.58,29483.3
25.6,43916.7
25.62,51483.3
25.64,52683.3
25.66,52966.7
25.68,45200
25.7,28466.7
25.72,13466.7
25.74,6800
25.76,4633.33
25.78,3616.67
25.8,3533.33
25.82,3516.67
25.84,2766.67
25.86,2316.67
25.88,1900
25.9,1716.67
25.92,1916.67
25.94,1766.67
25.96,2033.33
25.98,1916.67
26,1783.33
26.02,1666.67
26.04,1883.33
26.06,1866.67
26.08,1683.33
26.1,1650
26.12,1600
26.14,1716.67
26.16,1533.33
26.18,1633.33
26.2,1866.67
26.22,1916.67
26.24,1833.33
26.26,1733.33
26.28,1766.67
26.3,1516.67
26.32,1416.67
26.34,1566.67
26.36,1733.33
26.38,1666.67
26.4,1600
26.42,1783.33
26.44,1766.67
26.46,1483.33
26.48,1533.33
26.5,1600
26.52,1600
26.54,1350
26.56,1416.67
26.58,1583.33
26.6,1400
26.62,1416.67
26.64,1516.67
26.66,1350
26.68,1350
26.7,1350
26.72,1233.33
26.74,1383.33
26.76,1283.33
26.78,1283.33
26.8,1450
26.82,1533.33
26.84,1466.67
26.86,1400
26.88,1550
26.9,1466.67
26.92,1250
26.94,1366.67
26.96,1683.33
26.98,1566.67
27,1316.67
27.02,1466.67
27.04,1566.67
27.06,1516.67
27.08,1500
27.1,1366.67
27.12,1316.67
27.14,1516.67
27.16,1650
27.18,1700
27.2,1683.33
27.22,1533.33
27.24,1650
27.26,1833.33
27.28,1816.67
27.3,1600
27.32,1483.33
27.34,1516.67
27.36,1350
27.38,1300
27.4,1333.33
27.42,1416.67
27.44,1366.67
27.46,1366.67
27.48,1516.67
27.5,1600
27.52,1516.67
27.54,1583.33
27.56,1450
27.58,1316.67
27.6,1383.33
27.62,1716.67
27.64,1766.67
27.66,1533.33
27.68,1483.33
27.7,1633.33
27.72,1916.67
27.74,1850
27.76,1550
27.78,1566.67
27.8,1566.67
27.82,1533.33
27.84,1600
27.86,1533.33
27.88,1633.33
27.9,1633.33
27.92,1816.67
27.94,1733.33
27.96,1866.67
27.98,1800
28,1816.67
28.02,1566.67
28.04,1583.33
28.06,2216.67
28.08,2333.33
28.1,2166.67
28.12,2383.33
28.14,2266.67
28.16,2383.33
28.18,2900
28.2,3550
28.22,4316.67
28.24,5100
28.26,6883.33
28.28,8633.33
28.3,10433.3
28.32,13300
28.34,19050
28.36,43516.7
28.38,101767
28.4,151650
28.42,169733
28.44,177267
28.46,185533
28.48,183767
28.5,173517
28.52,148117
28.54,130567
28.56,109550
28.58,71066.7
28.6,29666.7
28.62,13183.3
28.64,8650
28.66,6900
28.68,6250
28.7,4583.33
28.72,4033.33
28.74,3733.33
28.76,3450
28.78,3350
28.8,3133.33
28.82,2533.33
28.84,2683.33
28.86,2883.33
28.88,2483.33
28.9,2400
28.92,2666.67
28.94,2700
28.96,2183.33
28.98,2216.67
29,2050
29.02,2100
29.04,1766.67
29.06,1766.67
29.08,1816.67
29.1,1766.67
29.12,1733.33
29.14,1683.33
29.16,1733.33
29.18,1950
29.2,1633.33
29.22,1700
29.24,1516.67
29.26,1866.67
29.28,1700
29.3,2016.67
29.32,1733.33
29.34,1566.67
29.36,1800
29.38,1650
29.4,1966.67
29.42,1866.67
29.44,2033.33
29.46,1633.33
29.48,1800
29.5,1750
29.52,1616.67
29.54,1650
29.56,1633.33
29.58,1433.33
29.6,1516.67
29.62,1583.33
29.64,1750
29.66,1516.67
29.68,1300
29.7,1516.67
29.72,1666.67
29.74,1350
29.76,1516.67
29.78,1400
29.8,1500
29.82,1616.67
29.84,1616.67
29.86,1566.67
29.88,1650
29.9,1566.67
29.92,1500
29.94,1433.33
29.96,1250
29.98,1450
30,1516.67
30.02,1283.33
30.04,1300
30.06,1183.33
30.08,1300
30.1,1450
30.12,1266.67
30.14,1483.33
30.16,1533.33
30.18,1433.33
30.2,1366.67
30.22,1300
30.24,1583.33
30.26,1366.67
30.28,1333.33
30.3,1166.67
30.32,1383.33
30.34,1433.33
30.36,1266.67
30.38,1316.67
30.4,1316.67
30.42,1400
30.44,1383.33
30.46,1366.67
30.48,1300
30.5,1366.67
30.52,1333.33
30.54,1516.67
30.56,1250
30.58,1350
30.6,1500
30.62,1700
30.64,1783.33
30.66,1600
30.68,1666.67
30.7,1850
30.72,1566.67
30.74,1616.67
30.76,1550
30.78,1533.33
30.8,1600
30.82,1533.33
30.84,1300
30.86,1233.33
30.88,1183.33
30.9,1150
30.92,1383.33
30.94,1250
30.96,1200
30.98,1283.33
31,1116.67
31.02,1216.67
31.04,1350
31.06,1466.67
31.08,1333.33
31.1,1366.67
31.12,1250
31.14,1133.33
31.16,1266.67
31.18,1250
31.2,1166.67
31.22,1400
31.24,1333.33
31.26,1100
31.28,1233.33
31.3,1466.67
31.32,1383.33
31.34,1200
31.36,1100
31.38,1333.33
31.4,1316.67
31.42,1233.33
31.44,1166.67
31.46,1250
31.48,1433.33
31.5,1366.67
31.52,1350
31.54,1183.33
31.56,1150
31.58,1133.33
31.6,1200
31.62,1300
31.64,1183.33
31.66,1283.33
31.68,1216.67
31.7,1283.33
31.72,1333.33
31.74,1133.33
31.76,1133.33
31.78,1116.67
31.8,1283.33
31.82,1400
31.84,1200
31.86,1116.67
31.88,1183.33
31.9,1233.33
31.92,1100
31.94,1133.33
31.96,1300
31.98,1366.67
32,1266.67
32.02,1166.67
32.04,1233.33
32.06,1333.33
32.08,1383.33
32.1,1316.67
32.12,1283.33
32.14,1233.33
32.16,1316.67
32.18,1433.33
32.2,1183.33
32.22,1183.33
32.24,1383.33
32.26,1300
32.28,1233.33
32.3,1083.33
32.32,1350
32.34,1283.33
32.36,1166.67
32.38,1350
32.4,1366.67
32.42,1433.33
32.44,1450
32.46,1316.67
32.48,1150
32.5,1150
32.52,1233.33
32.54,1316.67
32.56,1316.67
32.58,1216.67
32.6,1133.33
32.62,1183.33
32.64,1250
32.66,1133.33
32.68,1166.67
32.7,1266.67
32.72,1100
32.74,1183.33
32.76,1233.33
32.78,1316.67
32.8,1116.67
32.82,1250
32.84,1233.33
32.86,1233.33
32.88,1183.33
32.9,1283.33
32.92,1300
32.94,1100
32.96,1066.67
32.98,1016.67
33,950
33.02,1033.33
33.04,1283.33
33.06,1100
33.08,1200
33.1,1250
33.12,1000
33.14,1066.67
33.16,1150
33.18,1183.33
33.2,1116.67
33.22,1316.67
33.24,1166.67
33.26,1150
33.28,1083.33
33.3,1400
33.32,1066.67
33.34,1200
33.36,1200
33.38,1066.67
33.4,1116.67
33.42,1000
33.44,1166.67
33.46,1100
33.48,1050
33.5,1016.67
33.52,883.333
33.54,1066.67
33.56,1150
33.58,1250
33.6,1100
33.62,1166.67
33.64,1316.67
33.66,1116.67
33.68,1166.67
33.7,950
33.72,933.333
33.74,1116.67
33.76,1316.67
33.78,1200
33.8,1233.33
33.82,1316.67
33.84,1216.67
33.86,983.333
33.88,1100
33.9,1133.33
33.92,966.667
33.94,1183.33
33.96,1016.67
33.98,1166.67
34,1150
34.02,1100
34.04,950
34.06,966.667
34.08,1116.67
34.1,1200
34.12,1100
34.14,1050
34.16,866.667
34.18,1183.33
34.2,1083.33
34.22,983.333
34.24,1166.67
34.26,950
34.28,1133.33
34.3,933.333
34.32,933.333
34.34,933.333
34.36,1250
34.38,1166.67
34.4,1350
34.42,966.667
34.44,866.667
34.46,1100
34.48,1083.33
34.5,1066.67
34.52,966.667
34.54,983.333
34.56,983.333
34.58,1000
34.6,1316.67
34.62,1200
34.64,983.333
34.66,1200
34.68,1116.67
34.7,1200
34.72,1083.33
34.74,1116.67
34.76,1083.33
34.78,883.333
34.8,933.333
34.82,1016.67
34.84,1166.67
34.86,983.333
34.88,1016.67
34.9,1133.33
34.92,1016.67
34.94,1100
34.96,1383.33
34.98,1066.67
35,1183.33
35.02,1016.67
35.04,1050
35.06,1183.33
35.08,900
35.1,950
35.12,1100
35.14,1083.33
35.16,1200
35.18,900
35.2,1033.33
35.22,1000
35.24,1200
35.26,900
35.28,1066.67
35.3,1016.67
35.32,1083.33
35.34,933.333
35.36,816.667
35.38,950
35.4,883.333
35.42,1050
35.44,1000
35.46,866.667
35.48,950
35.5,950
35.52,916.667
35.54,966.667
35.56,1016.67
35.58,1066.67
35.6,900
35.62,816.667
35.64,950
35.66,1033.33
35.68,883.333
35.7,966.667
35.72,900
35.74,933.333
35.76,1033.33
35.78,950
35.8,950
35.82,1033.33
35.84,1083.33
35.86,1016.67
35.88,1000
35.9,1066.67
35.92,1033.33
35.94,1083.33
35.96,1016.67
35.98,1166.67
36,1333.33
36.02,1166.67
36.04,1150
36.06,1250
36.08,1050
36.1,900
36.12,833.333
36.14,933.333
36.16,1116.67
36.18,983.333
36.2,983.333
36.22,916.667
36.24,850
36.26,916.667
36.28,1083.33
36.3,1050
36.32,983.333
36.34,1000
36.36,866.667
36.38,766.667
36.4,866.667
36.42,916.667
36.44,816.667
36.46,850
36.48,883.333
36.5,1000
36.52,883.333
36.54,900
36.56,966.667
36.58,883.333
36.6,833.333
36.62,933.333
36.64,850
36.66,933.333
36.68,866.667
36.7,750
36.72,950
36.74,900
36.76,883.333
36.78,933.333
36.8,833.333
36.82,800
36.84,866.667
36.86,866.667
36.88,966.667
36.9,983.333
36.92,800
36.94,933.333
36.96,866.667
36.98,733.333
37,800
37.02,783.333
37.04,850
37.06,833.333
37.08,816.667
37.1,800
37.12,816.667
37.14,916.667
37.16,850
37.18,900
37.2,850
37.22,800
37.24,816.667
37.26,866.667
37.28,850
37.3,850
37.32,950
37.34,933.333
37.36,900
37.38,766.667
37.4,683.333
37.42,833.333
37.44,1000
37.46,950
37.48,883.333
37.5,900
37.52,800
37.54,800
37.56,850
37.58,800
37.6,700
37.62,750
37.64,833.333
37.66,783.333
37.68,683.333
37.7,766.667
37.72,850
37.74,833.333
37.76,950
37.78,833.333
37.8,783.333
37.82,883.333
37.84,766.667
37.86,800
37.88,916.667
37.9,850
37.92,833.333
37.94,750
37.96,633.333
37.98,783.333
38,783.333
38.02,783.333
38.04,833.333
38.06,766.667
38.08,716.667
38.1,733.333
38.12,783.333
38.14,750
38.16,616.667
38.18,783.333
38.2,883.333
38.22,750
38.24,733.333
38.26,783.333
38.28,733.333
38.3,600
38.32,616.667
38.34,816.667
38.36,866.667
38.38,816.667
38.4,783.333
38.42,616.667
38.44,766.667
38.46,816.667
38.48,733.333
38.5,666.667
38.52,716.667
38.54,766.667
38.56,633.333
38.58,650
38.6,683.333
38.62,750
38.64,766.667
38.66,716.667
38.68,833.333
38.7,716.667
38.72,766.667
38.74,816.667
38.76,700
38.78,566.667
38.8,633.333
38.82,550
38.84,600
38.86,700
38.88,600
38.9,600
38.92,716.667
38.94,866.667
38.96,666.667
38.98,683.333
39,750
39.02,683.333
39.04,616.667
39.06,850
39.08,850
39.1,750
39.12,633.333
39.14,750
39.16,733.333
39.18,650
39.2,716.667
39.22,750
39.24,783.333
39.26,666.667
39.28,666.667
39.3,616.667
39.32,800
39.34,716.667
39.36,800
39.38,716.667
39.4,616.667
39.42,550
39.44,566.667
39.46,600
39.48,566.667
39.5,550
39.52,666.667
39.54,616.667
39.56,616.667
39.58,633.333
39.6,750
39.62,583.333
39.64,666.667
39.66,566.667
39.68,583.333
39.7,450
39.72,633.333
39.74,716.667
39.76,683.333
39.78,683.333
39.8,633.333
39.82,716.667
39.84,700
39.86,750
39.88,600
39.9,600
39.92,583.333
39.94,716.667
39.96,800
39.98,766.667
40,716.667
40.02,750
40.04,616.667
40.06,500
40.08,683.333
40.1,700
40.12,583.333
40.14,633.333
40.16,650
40.18,466.667
40.2,600
40.22,583.333
40.24,633.333
40.26,483.333
40.28,700
40.3,583.333
40.32,550
40.34,700
40.36,633.333
40.38,516.667
40.4,766.667
40.42,683.333
40.44,650
40.46,416.667
40.48,733.333
40.5,416.667
40.52,450
40.54,383.333
40.56,716.667
40.58,616.667
40.6,733.333
40.62,716.667
40.64,450
40.66,516.667
40.68,550
40.7,500
40.72,516.667
40.74,500
40.76,583.333
40.78,633.333
40.8,583.333
40.82,650
40.84,516.667
40.86,516.667
40.88,483.333
40.9,516.667
40.92,600
40.94,650
40.96,533.333
40.98,650
41,716.667
41.02,566.667
41.04,566.667
41.06,433.333
41.08,516.667
41.1,466.667
41.12,433.333
41.14,516.667
41.16,483.333
41.18,716.667
41.2,583.333
41.22,466.667
41.24,483.333
41.26,500
41.28,533.333
41.3,450
41.32,550
41.34,533.333
41.36,433.333
41.38,533.333
41.4,616.667
41.42,650
41.44,433.333
41.46,500
41.48,600
41.5,483.333
41.52,466.667
41.54,516.667
41.56,450
41.58,566.667
41.6,450
41.62,550
41.64,666.667
41.66,366.667
41.68,416.667
41.7,600
41.72,450
41.74,366.667
41.76,516.667
41.78,416.667
41.8,533.333
41.82,516.667
41.84,516.667
41.86,550
41.88,433.333
41.9,600
41.92,400
41.94,433.333
41.96,550
41.98,400
42,316.667
42.02,516.667
42.04,466.667
42.06,450
42.08,433.333
42.1,400
42.12,550
42.14,450
42.16,433.333
42.18,500
42.2,533.333
42.22,383.333
42.24,400
42.26,600
42.28,416.667
42.3,433.333
42.32,433.333
42.34,583.333
42.36,500
42.38,383.333
42.4,466.667
42.42,500
42.44,600
42.46,550
42.48,433.333
42.5,433.333
42.52,366.667
42.54,300
42.56,333.333
42.58,566.667
42.6,366.667
42.62,400
42.64,483.333
42.66,300
42.68,583.333
42.7,416.667
42.72,483.333
42.74,400
42.76,383.333
42.78,433.333
42.8,466.667
42.82,400
42.84,433.333
42.86,433.333
42.88,400
42.9,400
42.92,366.667
42.94,366.667
42.96,383.333
42.98,450
43,550
43.02,366.667
43.04,383.333
43.06,350
43.08,366.667
43.1,400
43.12,366.667
43.14,533.333
43.16,450
43.18,466.667
43.2,433.333
43.22,350
43.24,400
43.26,500
43.28,366.667
43.3,466.667
43.32,466.667
43.34,416.667
43.36,383.333
43.38,416.667
43.4,416.667
43.42,383.333
43.44,450
43.46,316.667
43.48,383.333
43.5,533.333
43.52,433.333
43.54,283.333
43.56,383.333
43.58,366.667
43.6,466.667
43.62,316.667
43.64,266.667
43.66,283.333
43.68,300
43.7,366.667
43.72,350
43.74,316.667
43.76,350
43.78,433.333
43.8,216.667
43.82,300
43.84,383.333
43.86,350
43.88,316.667
43.9,350
43.92,366.667
43.94,383.333
43.96,350
43.98,450
44,300
44.02,266.667
44.04,266.667
44.06,350
44.08,433.333
44.1,500
44.12,283.333
44.14,383.333
44.16,416.667
44.18,333.333
44.2,333.333
44.22,366.667
44.24,283.333
44.26,400
44.28,400
44.3,450
44.32,333.333
44.34,433.333
44.36,383.333
44.38,550
44.4,483.333
44.42,283.333
44.44,250
44.46,150
44.48,333.333
44.5,533.333
44.52,400
44.54,166.667
44.56,316.667
44.58,300
44.6,166.667
44.62,283.333
44.64,450
44.66,300
44.68,450
44.7,333.333
44.72,316.667
44.74,266.667
44.76,233.333
44.78,283.333
44.8,333.333
44.82,250
44.84,233.333
44.86,300
44.88,266.667
44.9,233.333
44.92,366.667
44.94,416.667
44.96,233.333
44.98,283.333
45,300
45.02,266.667
45.04,300
45.06,233.333
45.08,266.667
45.1,400
45.12,366.667
45.14,316.667
45.16,233.333
45.18,283.333
45.2,283.333
45.22,316.667
45.24,366.667
45.26,100
45.28,216.667
45.3,250
45.32,250
45.34,383.333
45.36,366.667
45.38,316.667
45.4,166.667
45.42,116.667
45.44,166.667
45.46,333.333
45.48,383.333
45.5,300
45.52,250
45.54,166.667
45.56,250
45.58,283.333
45.6,316.667
45.62,250
45.64,383.333
45.66,183.333
45.68,316.667
45.7,316.667
45.72,283.333
45.74,366.667
45.76,333.333
45.78,216.667
45.8,250
45.82,200
45.84,233.333
45.86,283.333
45.88,400
45.9,383.333
45.92,183.333
45.94,200
45.96,283.333
45.98,200
46,283.333
46.02,166.667
46.04,266.667
46.06,250
46.08,366.667
46.1,283.333
46.12,200
46.14,283.333
46.16,333.333
46.18,316.667
46.2,233.333
46.22,250
46.24,366.667
46.26,250
46.28,183.333
46.3,300
46.32,300
46.34,283.333
46.36,250
46.38,150
46.4,283.333
46.42,233.333
46.44,166.667
46.46,233.333
46.48,250
46.5,283.333
46.52,250
46.54,183.333
46.56,200
46.58,250
46.6,300
46.62,233.333
46.64,233.333
46.66,200
46.68,200
46.7,283.333
46.72,316.667
46.74,216.667
46.76,200
46.78,266.667
46.8,316.667
46.82,333.333
46.84,316.667
46.86,333.333
46.88,166.667
46.9,233.333
46.92,333.333
46.94,200
46.96,250
46.98,366.667
47,250
47.02,350
47.04,266.667
47.06,350
47.08,150
47.1,183.333
47.12,200
47.14,233.333
47.16,250
47.18,133.333
47.2,250
47.22,266.667
47.24,250
47.26,333.333
47.28,350
47.3,216.667
47.32,233.333
47.34,150
47.36,250
47.38,216.667
47.4,216.667
47.42,216.667
47.44,150
47.46,183.333
47.48,266.667
47.5,216.667
47.52,150
47.54,200
47.56,250
47.58,283.333
47.6,266.667
47.62,183.333
47.64,166.667
47.66,166.667
47.68,166.667
47.7,166.667
47.72,183.333
47.74,150
47.76,233.333
47.78,266.667
47.8,183.333
47.82,183.333
47.84,183.333
47.86,233.333
47.88,166.667
47.9,183.333
47.92,200
47.94,166.667
47.96,150
47.98,200
48,216.667
48.02,233.333
48.04,166.667
48.06,150
48.08,200
48.1,166.667
48.12,166.667
48.14,183.333
48.16,266.667
48.18,300
48.2,200
48.22,250
48.24,166.667
48.26,166.667
48.28,216.667
48.3,200
48.32,150
48.34,216.667
48.36,233.333
48.38,166.667
48.4,150
48.42,200
48.44,233.333
48.46,183.333
48.48,183.333
48.5,200
48.52,233.333
48.54,183.333
48.56,133.333
48.58,200
48.6,200
48.62,183.333
48.64,216.667
48.66,166.667
48.68,83.3333
48.7,133.333
48.72,216.667
48.74,233.333
48.76,200
48.78,266.667
48.8,216.667
48.82,216.667
48.84,200
48.86,150
48.88,216.667
48.9,166.667
48.92,166.667
48.94,200
48.96,200
48.98,200
49,166.667
49.02,133.333
49.04,166.667
49.06,183.333
49.08,183.333
49.1,133.333
49.12,150
49.14,133.333
49.16,150
49.18,216.667
49.2,216.667
49.22,183.333
49.24,200
49.26,133.333
49.28,66.6667
49.3,116.667
49.32,150
49.34,183.333
49.36,216.667
49.38,216.667
49.4,200
49.42,150
49.44,100
49.46,133.333
49.48,150
49.5,166.667
49.52,200
49.54,183.333
49.56,183.333
49.58,216.667
49.6,166.667
49.62,200
49.64,216.667
49.66,183.333
49.68,216.667
49.7,150
49.72,116.667
49.74,150
49.76,150
49.78,166.667
49.8,133.333
49.82,116.667
49.84,100
49.86,116.667
49.88,116.667
49.9,133.333
49.92,166.667
49.94,133.333
49.96,100
49.98,116.667
50,116.667
50.02,133.333
50.04,150
50.06,116.667
50.08,133.333
50.1,150
50.12,116.667
50.14,116.667
50.16,133.333
50.18,200
50.2,200
50.22,133.333
50.24,100
50.26,116.667
50.28,116.667
50.3,133.333
50.32,116.667
50.34,150
50.36,116.667
50.38,83.3333
50.4,150
50.42,216.667
50.44,216.667
50.46,200
50.48,166.667
50.5,166.667
50.52,150
50.54,83.3333
50.56,83.3333
50.58,133.333
50.6,166.667
50.62,150
50.64,133.333
50.66,100
50.68,66.6667
50.7,133.333
50.72,116.667
50.74,83.3333
50.76,100
50.78,150
50.8,166.667
50.82,150
50.84,150
50.86,66.6667
50.88,100
50.9,166.667
50.92,166.667
50.94,83.3333
50.96,100
50.98,100
51,100
51.02,133.333
51.04,116.667
51.06,150
51.08,233.333
51.1,200
51.12,83.3333
51.14,100
51.16,66.6667
51.18,83.3333
51.2,116.667
51.22,133.333
51.24,116.667
51.26,83.3333
51.28,100
51.3,83.3333
51.32,66.6667
51.34,116.667
51.36,116.667
51.38,166.667
51.4,66.6667
51.42,116.667
51.44,83.3333
51.46,133.333
51.48,133.333
51.5,83.3333
51.52,83.3333
51.54,116.667
51.56,166.667
51.58,100
51.6,50
51.62,50
51.64,66.6667
51.66,133.333
51.68,116.667
51.7,183.333
51.72,83.3333
51.74,166.667
51.76,100
51.78,166.667
51.8,83.3333
51.82,116.667
51.84,66.6667
51.86,133.333
51.88,33.3333
51.9,116.667
51.92,150
51.94,66.6667
51.96,100
51.98,100
52,33.3333
52.02,83.3333
52.04,150
52.06,116.667
52.08,133.333
52.1,150
52.12,150
52.14,83.3333
52.16,83.3333
52.18,133.333
52.2,50
52.22,100
52.24,33.3333
52.26,33.3333
52.28,100
52.3,83.3333
52.32,133.333
52.34,50
52.36,100
52.38,66.6667
52.4,83.3333
52.42,33.3333
52.44,50
52.46,133.333
52.48,16.6667
52.5,116.667
52.52,16.6667
52.54,83.3333
52.56,100
52.58,116.667
52.6,150
52.62,116.667
52.64,100
52.66,100
52.68,166.667
52.7,150
52.72,200
52.74,150
52.76,150
52.78,166.667
52.8,200
52.82,166.667
52.84,116.667
52.86,50
52.88,83.3333
52.9,100
52.92,50
52.94,66.6667
52.96,83.3333
52.98,133.333
53,83.3333
53.02,116.667
53.04,100
53.06,100
53.08,50
53.1,50
53.12,66.6667
53.14,50
53.16,100
53.18,83.3333
53.2,100
53.22,116.667
53.24,150
53.26,50
53.28,83.3333
53.3,116.667
53.32,83.3333
53.34,100
53.36,150
53.38,100
53.4,66.6667
53.42,66.6667
53.44,33.3333
53.46,83.3333
53.48,100
53.5,66.6667
53.52,50
53.54,100
53.56,66.6667
53.58,50
53.6,66.6667
53.62,50
53.64,50
53.66,50
53.68,83.3333
53.7,83.3333
53.72,50
53.74,66.6667
53.76,50
53.78,83.3333
53.8,100
53.82,66.6667
53.84,33.3333
53.86,50
53.88,100
53.9,116.667
53.92,83.3333
53.94,66.6667
53.96,116.667
53.98,83.3333
54,100
54.02,100
54.04,83.3333
54.06,83.3333
54.08,83.3333
54.1,83.3333
54.12,116.667
54.14,83.3333
54.16,66.6667
54.18,66.6667
54.2,66.6667
54.22,116.667
54.24,50
54.26,50
54.28,50
54.3,66.6667
54.32,66.6667
54.34,50
54.36,83.3333
54.38,83.3333
54.4,100
54.42,83.3333
54.44,33.3333
54.46,66.6667
54.48,100
54.5,116.667
54.52,66.6667
54.54,66.6667
54.56,66.6667
54.58,66.6667
54.6,83.3333
54.62,50
54.64,66.6667
54.66,100
54.68,66.6667
54.7,66.6667
54.72,66.6667
54.74,83.3333
54.76,66.6667
54.78,66.6667
54.8,116.667
54.82,66.6667
54.84,50
54.86,83.3333
54.88,116.667
54.9,66.6667
54.92,16.6667
54.94,50
54.96,66.6667
54.98,66.6667
55,83.3333
55.02,100
55.04,83.3333
55.06,50
55.08,33.3333
55.1,50
55.12,100
55.14,83.3333
55.16,100
55.18,100
55.2,83.3333
55.22,33.3333
55.24,33.3333
55.26,33.3333
55.28,50
55.3,50
55.32,100
55.34,116.667
55.36,66.6667
55.38,83.3333
55.4,100
55.42,83.3333
55.44,83.3333
55.46,66.6667
55.48,66.6667
55.5,33.3333
55.52,33.3333
55.54,66.6667
55.56,83.3333
55.58,50
55.6,50
55.62,100
55.64,83.3333
55.66,50
55.68,50
55.7,50
55.72,66.6667
55.74,50
55.76,16.6667
55.78,50
55.8,50
55.82,33.3333
55.84,50
55.86,33.3333
55.88,50
55.9,83.3333
55.92,50
55.94,33.3333
55.96,50
55.98,66.6667
56,66.6667
56.02,66.6667
56.04,100
56.06,66.6667
56.08,16.6667
56.1,33.3333
56.12,100
56.14,83.3333
56.16,16.6667
56.18,66.6667
56.2,100
56.22,100
56.24,66.6667
56.26,33.3333
56.28,33.3333
56.3,33.3333
56.32,50
56.34,50
56.36,16.6667
56.38,50
56.4,50
56.42,33.3333
56.44,33.3333
56.46,50
56.48,66.6667
56.5,50
56.52,66.6667
56.54,50
56.56,0
56.58,33.3333
56.6,66.6667
56.62,50
56.64,100
56.66,83.3333
56.68,50
56.7,50
56.72,50
56.74,50
56.76,50
56.78,50
56.8,66.6667
56.82,50
56.84,50
56.86,33.3333
56.88,66.6667
56.9,50
56.92,33.3333
56.94,66.6667
56.96,66.6667
56.98,33.3333
57,33.3333
57.02,16.6667
57.04,50
57.06,66.6667
57.08,50
57.1,66.6667
57.12,33.3333
57.14,16.6667
57.16,50
57.18,83.3333
57.2,50
57.22,66.6667
57.24,83.3333
57.26,100
57.28,66.6667
57.3,33.3333
57.32,16.6667
57.34,50
57.36,83.3333
57.38,50
57.4,33.3333
57.42,33.3333
57.44,33.3333
57.46,50
57.48,33.3333
57.5,33.3333
57.52,16.6667
57.54,33.3333
57.56,33.3333
57.58,33.3333
57.6,16.6667
57.62,16.6667
57.64,33.3333
57.66,16.6667
57.68,16.6667
57.7,83.3333
57.72,66.6667
57.74,83.3333
57.76,83.3333
57.78,66.6667
57.8,33.3333
57.82,16.6667
57.84,16.6667
57.86,16.6667
57.88,33.3333
57.9,16.6667
57.92,16.6667
57.94,83.3333
57.96,66.6667
57.98,50
58,33.3333
58.02,33.3333
58.04,33.3333
58.06,50
58.08,16.6667
58.1,16.6667
58.12,33.3333
58.14,33.3333
58.16,16.6667
58.18,33.3333
58.2,66.6667
58.22,50
58.24,50
58.26,33.3333
58.28,33.3333
58.3,50
58.32,66.6667
58.34,50
58.36,50
58.38,33.3333
58.4,33.3333
58.42,33.3333
58.44,83.3333
58.46,83.3333
58.48,50
58.5,50
58.52,33.3333
58.54,50
58.56,50
58.58,50
58.6,66.6667
58.62,50
58.64,33.3333
58.66,16.6667
58.68,33.3333
58.7,66.6667
58.72,66.6667
58.74,100
58.76,216.667
58.78,333.333
58.8,550
58.82,750
58.84,833.333
58.86,833.333
58.88,800
58.9,550
58.92,300
58.94,400
58.96,400
58.98,366.667
59,416.667
59.02,483.333
59.04,366.667
59.06,366.667
59.08,216.667
59.1,50
59.12,66.6667
59.14,66.6667
59.16,50
59.18,83.3333
59.2,50
59.22,33.3333
59.24,33.3333
59.26,16.6667
59.28,50
59.3,50
59.32,33.3333
59.34,33.3333
59.36,16.6667
59.38,66.6667
59.4,66.6667
59.42,33.3333
59.44,50
59.46,33.3333
59.48,16.6667
59.5,50
59.52,50
59.54,33.3333
59.56,66.6667
59.58,50
59.6,33.3333
59.62,50
59.64,50
59.66,33.3333
59.68,50
59.7,100
59.72,66.6667
59.74,16.6667
59.76,16.6667
59.78,50
59.8,33.3333
59.82,16.6667
59.84,33.3333
59.86,50
59.88,33.3333
59.9,16.6667
59.92,0
59.94,50
59.96,50
59.98,0
60,16.6667
60.02,16.6667
60.04,33.3333
60.06,16.6667
60.08,33.3333
60.1,50
60.12,33.3333
60.14,50
60.16,33.3333
60.18,66.6667
60.2,50
60.22,16.6667
60.24,16.6667
60.26,33.3333
60.28,33.3333
60.3,66.6667
60.32,66.6667
60.34,50
60.36,16.6667
60.38,16.6667
60.4,16.6667
60.42,16.6667
60.44,33.3333
60.46,33.3333
60.48,33.3333
60.5,33.3333
60.52,16.6667
60.54,16.6667
60.56,16.6667
60.58,33.3333
60.6,16.6667
60.62,0
60.64,0
60.66,33.3333
60.68,83.3333
60.7,83.3333
60.72,33.3333
60.74,33.3333
60.76,16.6667
60.78,16.6667
60.8,16.6667
60.82,16.6667
60.84,33.3333
60.86,66.6667
60.88,66.6667
60.9,33.3333
60.92,16.6667
60.94,66.6667
60.96,66.6667
60.98,50
61,33.3333
61.02,50
61.04,33.3333
61.06,16.6667
61.08,33.3333
61.1,33.3333
61.12,33.3333
61.14,50
61.16,33.3333
61.18,33.3333
61.2,33.3333
61.22,33.3333
61.24,16.6667
61.26,33.3333
61.28,33.3333
61.3,16.6667
61.32,16.6667
61.34,16.6667
61.36,33.3333
61.38,16.6667
61.4,33.3333
61.42,50
61.44,66.6667
61.46,33.3333
61.48,50
61.5,33.3333
61.52,66.6667
61.54,50
61.56,33.3333
61.58,50
61.6,50
61.62,33.3333
61.64,0
61.66,33.3333
61.68,33.3333
61.7,33.3333
61.72,33.3333
61.74,33.3333
61.76,33.3333
61.78,0
61.8,16.6667
61.82,50
61.84,50
61.86,33.3333
61.88,16.6667
61.9,33.3333
61.92,16.6667
61.94,16.6667
61.96,16.6667
61.98,16.6667
62,33.3333
62.02,33.3333
62.04,33.3333
62.06,33.3333
62.08,16.6667
62.1,33.3333
62.12,33.3333
62.14,33.3333
62.16,33.3333
62.18,33.3333
62.2,50
62.22,33.3333
62.24,16.6667
62.26,33.3333
62.28,16.6667
62.3,16.6667
62.32,33.3333
62.34,16.6667
62.36,33.3333
62.38,33.3333
62.4,33.3333
62.42,16.6667
62.44,33.3333
62.46,33.3333
62.48,33.3333
62.5,16.6667
62.52,16.6667
62.54,33.3333
62.56,16.6667
62.58,16.6667
62.6,16.6667
62.62,33.3333
62.64,16.6667
62.66,33.3333
62.68,16.6667
62.7,33.3333
62.72,33.3333
62.74,50
62.76,33.3333
62.78,16.6667
62.8,0
62.82,16.6667
62.84,33.3333
62.86,16.6667
62.88,33.3333
62.9,33.3333
62.92,16.6667
62.94,33.3333
62.96,33.3333
62.98,16.6667
63,16.6667
63.02,50
63.04,50
63.06,33.3333
63.08,50
63.1,50
63.12,66.6667
63.14,66.6667
63.16,66.6667
63.18,33.3333
63.2,50
63.22,16.6667
63.24,0
63.26,16.6667
63.28,16.6667
63.3,16.6667
63.32,0
63.34,16.6667
63.36,16.6667
63.38,33.3333
63.4,33.3333
63.42,33.3333
63.44,33.3333
63.46,16.6667
63.48,0
63.5,16.6667
63.52,16.6667
63.54,0
63.56,16.6667
63.58,16.6667
63.6,16.6667
63.62,33.3333
63.64,50
63.66,33.3333
63.68,16.6667
63.7,33.3333
63.72,50
63.74,50
63.76,16.6667
63.78,33.3333
63.8,16.6667
63.82,33.3333
63.84,33.3333
63.86,33.3333
63.88,33.3333
63.9,16.6667
63.92,16.6667
63.94,16.6667
63.96,0
63.98,0
64,33.3333
64.02,66.6667
64.04,0
64.06,0
64.08,16.6667
64.1,50
64.12,50
64.14,50
64.16,50
64.18,50
64.2,50
64.22,16.6667
64.24,0
64.26,0
64.28,0
64.3,16.6667
64.32,50
64.34,50
64.36,33.3333
64.38,16.6667
64.4,33.3333
64.42,66.6667
64.44,33.3333
64.46,0
64.48,16.6667
64.5,16.6667
64.52,33.3333
64.54,0
64.56,16.6667
64.58,50
64.6,33.3333
64.62,16.6667
64.64,33.3333
64.66,33.3333
64.68,0
64.7,16.6667
64.72,33.3333
64.74,66.6667
64.76,50
64.78,0
64.8,33.3333
64.82,33.3333
64.84,0
64.86,0
64.88,16.6667
64.9,16.6667
64.92,50
64.94,16.6667
64.96,33.3333
64.98,50
65,16.6667
65.02,33.3333
65.04,16.6667
65.06,0
65.08,33.3333
65.1,0
65.12,16.6667
65.14,16.6667
65.16,50
65.18,16.6667
65.2,33.3333
65.22,0
65.24,0
65.26,16.6667
65.28,33.3333
65.3,16.6667
65.32,33.3333
65.34,33.3333
65.36,50
65.38,16.6667
65.4,16.6667
65.42,33.3333
65.44,33.3333
65.46,16.6667
65.48,0
65.5,33.3333
65.52,0
65.54,33.3333
65.56,16.6667
65.58,33.3333
65.6,33.3333
65.62,50
65.64,33.3333
65.66,50
65.68,83.3333
65.7,50
65.72,0
65.74,33.3333
65.76,33.3333
65.78,16.6667
65.8,33.3333
65.82,50
65.84,0
65.86,16.6667
65.88,0
65.9,0
65.92,0
65.94,16.6667
65.96,16.6667
65.98,33.3333
66,33.3333
66.02,50
66.04,50
66.06,50
66.08,33.3333
66.1,0
66.12,33.3333
66.14,33.3333
66.16,16.6667
66.18,33.3333
66.2,0
66.22,33.3333
66.24,0
66.26,16.6667
66.28,33.3333
66.3,16.6667
66.32,16.6667
66.34,16.6667
66.36,0
66.38,33.3333
66.4,0
66.42,16.6667
66.44,0
66.46,33.3333
66.48,0
66.5,33.3333
66.52,33.3333
66.54,16.6667
66.56,66.6667
66.58,0
66.6,16.6667
66.62,0
66.64,0
66.66,0
66.68,50
66.7,50
66.72,50
66.74,16.6667
66.76,16.6667
66.78,16.6667
66.8,0
66.82,50
66.84,0
66.86,0
66.88,16.6667
66.9,16.6667
66.92,33.3333
66.94,66.6667
66.96,0
66.98,16.6667
67,66.6667
67.02,0
67.04,33.3333
67.06,50
67.08,66.6667
67.1,0
67.12,33.3333
67.14,16.6667
67.16,0
67.18,50
67.2,16.6667
67.22,50
67.24,16.6667
67.26,83.3333
67.28,0
67.3,16.6667
67.32,16.6667
67.34,16.6667
67.36,33.3333
67.38,0
67.4,50
67.42,50
67.44,0
67.46,16.6667
67.48,0
67.5,16.6667
67.52,0
67.54,16.6667
67.56,16.6667
67.58,16.6667
67.6,16.6667
67.62,33.3333
67.64,33.3333
67.66,0
67.68,16.6667
67.7,16.6667
67.72,50
67.74,33.3333
67.76,0
67.78,33.3333
67.8,33.3333
67.82,50
67.84,50
67.86,16.6667
67.88,0
67.9,33.3333
67.92,33.3333
67.94,50
67.96,16.6667
67.98,50
68,33.3333
68.02,16.6667
68.04,33.3333
68.06,33.3333
68.08,16.6667
68.1,0
68.12,16.6667
68.14,16.6667
68.16,33.3333
68.18,50
68.2,33.3333
68.22,50
68.24,16.6667
68.26,50
68.28,66.6667
68.3,33.3333
68.32,50
68.34,16.6667
68.36,50
68.38,33.3333
68.4,66.6667
68.42,50
68.44,0
68.46,50
68.48,66.6667
68.5,66.6667
68.52,0
68.54,0
68.56,0
68.58,50
68.6,66.6667
68.62,16.6667
68.64,0
68.66,16.6667
68.68,16.6667
68.7,33.3333
68.72,33.3333
68.74,33.3333
68.76,33.3333
68.78,16.6667
68.8,50
68.82,16.6667
68.84,0
68.86,16.6667
68.88,83.3333
68.9,16.6667
68.92,50
68.94,33.3333
68.96,33.3333
68.98,66.6667
69,16.6667
69.02,16.6667
69.04,16.6667
69.06,16.6667
69.08,33.3333
69.1,33.3333
69.12,50
69.14,50
69.16,33.3333
69.18,16.6667
69.2,66.6667
69.22,0
69.24,0
69.26,50
69.28,0
69.3,16.6667
69.32,16.6667
69.34,16.6667
69.36,0
69.38,33.3333
69.4,16.6667
69.42,16.6667
69.44,16.6667
69.46,16.6667
69.48,0
69.5,50
69.52,33.3333
69.54,16.6667
69.56,16.6667
69.58,33.3333
69.6,16.6667
69.62,16.6667
69.64,16.6667
69.66,33.3333
69.68,33.3333
69.7,0
69.72,33.3333
69.74,16.6667
69.76,16.6667
69.78,50
69.8,50
69.82,16.6667
69.84,0
69.86,16.6667
69.88,33.3333
69.9,33.3333
69.92,16.6667
69.94,0
69.96,66.6667
69.98,33.3333
70,16.6667
70.02,16.6667
70.04,33.3333
70.06,0
70.08,0
70.1,33.3333
70.12,16.6667
70.14,16.6667
70.16,16.6667
70.18,0
70.2,16.6667
70.22,33.3333
70.24,0
70.26,16.6667
70.28,33.3333
70.3,0
70.32,16.6667
70.34,0
70.36,16.6667
70.38,16.6667
70.4,50
70.42,83.3333
70.44,50
70.46,0
70.48,33.3333
70.5,33.3333
70.52,16.6667
70.54,16.6667
70.56,33.3333
70.58,16.6667
70.6,0
70.62,66.6667
70.64,33.3333
70.66,33.3333
70.68,16.6667
70.7,16.6667
70.72,16.6667
70.74,0
70.76,16.6667
70.78,16.6667
70.8,16.6667
70.82,16.6667
70.84,66.6667
70.86,50
70.88,16.6667
70.9,0
70.92,16.6667
70.94,16.6667
70.96,0
70.98,16.6667
71,16.6667
71.02,33.3333
71.04,50
71.06,50
71.08,83.3333
71.1,33.3333
71.12,33.3333
71.14,16.6667
71.16,16.6667
71.18,16.6667
71.2,33.3333
71.22,50
71.24,66.6667
71.26,16.6667
71.28,16.6667
71.3,50
71.32,0
71.34,0
71.36,33.3333
71.38,66.6667
71.4,50
71.42,33.3333
71.44,0
71.46,16.6667
71.48,33.3333
71.5,33.3333
71.52,0
71.54,16.6667
71.56,33.3333
71.58,16.6667
71.6,16.6667
71.62,33.3333
71.64,16.6667
71.66,0
71.68,33.3333
71.7,0
71.72,16.6667
71.74,33.3333
71.76,16.6667
71.78,16.6667
71.8,16.6667
71.82,50
71.84,16.6667
71.86,0
71.88,33.3333
71.9,33.3333
71.92,50
71.94,33.3333
71.96,33.3333
71.98,0
72,16.6667
72.02,16.6667
72.04,0
72.06,33.3333
72.08,33.3333
72.1,33.3333
72.12,0
72.14,0
72.16,33.3333
72.18,16.6667
72.2,33.3333
72.22,0
72.24,16.6667
72.26,33.3333
72.28,66.6667
72.3,33.3333
72.32,0
72.34,16.6667
72.36,50
72.38,16.6667
72.4,50
72.42,83.3333
72.44,50
72.46,33.3333
72.48,33.3333
72.5,0
72.52,16.6667
72.54,16.6667
72.56,16.6667
72.58,50
72.6,0
72.62,16.6667
72.64,16.6667
72.66,16.6667
72.68,16.6667
72.7,33.3333
72.72,33.3333
72.74,33.3333
72.76,16.6667
72.78,16.6667
72.8,50
72.82,66.6667
72.84,66.6667
72.86,50
72.88,0
72.9,16.6667
72.92,50
72.94,66.6667
72.96,16.6667
72.98,0
73,16.6667
73.02,33.3333
73.04,33.3333
73.06,16.6667
73.08,16.6667
73.1,33.3333
73.12,33.3333
73.14,16.6667
73.16,16.6667
73.18,16.6667
73.2,33.3333
73.22,16.6667
73.24,33.3333
73.26,33.3333
73.28,16.6667
73.3,33.3333
73.32,16.6667
73.34,16.6667
73.36,16.6667
73.38,16.6667
73.4,0
73.42,33.3333
73.44,66.6667
73.46,50
73.48,33.3333
73.5,16.6667
73.52,50
73.54,0
73.56,16.6667
73.58,16.6667
73.6,16.6667
73.62,16.6667
73.64,33.3333
73.66,16.6667
73.68,16.6667
73.7,16.6667
73.72,16.6667
73.74,16.6667
73.76,33.3333
73.78,16.6667
73.8,33.3333
73.82,16.6667
73.84,33.3333
73.86,33.3333
73.88,16.6667
73.9,33.3333
73.92,50
73.94,16.6667
73.96,0
73.98,16.6667
74,16.6667
74.02,33.3333
74.04,16.6667
74.06,33.3333
74.08,33.3333
74.1,16.6667
74.12,0
74.14,16.6667
74.16,33.3333
74.18,33.3333
74.2,16.6667
74.22,33.3333
74.24,33.3333
74.26,16.6667
74.28,16.6667
74.3,16.6667
74.32,16.6667
74.34,16.6667
74.36,16.6667
74.38,33.3333
74.4,0
74.42,16.6667
74.44,16.6667
74.46,16.6667
74.48,0
74.5,16.6667
74.52,0
74.54,16.6667
74.56,66.6667
74.58,66.6667
74.6,33.3333
74.62,16.6667
74.64,33.3333
74.66,50
74.68,50
74.7,16.6667
74.72,16.6667
74.74,33.3333
74.76,33.3333
74.78,16.6667
74.8,16.6667
74.82,33.3333
74.84,16.6667
74.86,16.6667
74.88,16.6667
74.9,33.3333
74.92,16.6667
74.94,33.3333
74.96,50
74.98,33.3333
75,16.6667
75.02,16.6667
75.04,33.3333
75.06,16.6667
75.08,16.6667
75.1,16.6667
75.12,0
75.14,0
75.16,16.6667
75.18,16.6667
75.2,16.6667
75.22,16.6667
75.24,50
75.26,50
75.28,16.6667
75.3,16.6667
75.32,16.6667
75.34,33.3333
75.36,50
75.38,16.6667
75.4,33.3333
75.42,16.6667
75.44,16.6667
75.46,0
75.48,0
75.5,33.3333
75.52,50
75.54,33.3333
75.56,16.6667
75.58,33.3333
75.6,50
75.62,33.3333
75.64,16.6667
75.66,33.3333
75.68,33.3333
75.7,33.3333
75.72,66.6667
75.74,33.3333
75.76,16.6667
75.78,0
75.8,33.3333
75.82,33.3333
75.84,16.6667
75.86,16.6667
75.88,16.6667
75.9,33.3333
75.92,33.3333
75.94,33.3333
75.96,16.6667
75.98,50
76,33.3333
76.02,50
76.04,50
76.06,33.3333
76.08,33.3333
76.1,0
76.12,16.6667
76.14,33.3333
76.16,0
76.18,16.6667
76.2,0
76.22,16.6667
76.24,50
76.26,33.3333
76.28,33.3333
76.3,33.3333
76.32,16.6667
76.34,16.6667
76.36,33.3333
76.38,66.6667
76.4,33.3333
76.42,16.6667
76.44,66.6667
76.46,50
76.48,16.6667
76.5,16.6667
76.52,0
76.54,33.3333
76.56,33.3333
76.58,33.3333
76.6,50
76.62,33.3333
76.64,33.3333
76.66,33.3333
76.68,16.6667
76.7,0
76.72,16.6667
76.74,33.3333
76.76,50
76.78,33.3333
76.8,33.3333
76.82,16.6667
76.84,16.6667
76.86,0
76.88,33.3333
76.9,33.3333
76.92,50
76.94,50
76.96,50
76.98,33.3333
77,16.6667
77.02,0
77.04,33.3333
77.06,33.3333
77.08,50
77.1,50
77.12,16.6667
77.14,0
77.16,16.6667
77.18,50
77.2,33.3333
77.22,33.3333
77.24,16.6667
77.26,33.3333
77.28,33.3333
77.3,16.6667
77.32,16.6667
77.34,33.3333
77.36,33.3333
77.38,16.6667
77.4,33.3333
77.42,16.6667
77.44,16.6667
77.46,16.6667
77.48,16.6667
77.5,16.6667
77.52,33.3333
77.54,16.6667
77.56,33.3333
77.58,33.3333
77.6,16.6667
77.62,33.3333
77.64,16.6667
77.66,0
77.68,16.6667
77.7,16.6667
77.72,33.3333
77.74,33.3333
77.76,33.3333
77.78,16.6667
77.8,16.6667
77.82,50
77.84,33.3333
77.86,16.6667
77.88,33.3333
77.9,16.6667
77.92,0
77.94,16.6667
77.96,33.3333
77.98,50
78,66.6667
78.02,33.3333
78.04,0
78.06,0
78.08,16.6667
78.1,33.3333
78.12,16.6667
78.14,0
78.16,16.6667
78.18,50
78.2,33.3333
78.22,16.6667
78.24,0
78.26,0
78.28,0
78.3,16.6667
78.32,16.6667
78.34,50
78.36,33.3333
78.38,16.6667
78.4,33.3333
78.42,33.3333
78.44,33.3333
78.46,16.6667
78.48,0
78.5,0
78.52,16.6667
78.54,33.3333
78.56,50
78.58,66.6667
78.6,33.3333
78.62,16.6667
78.64,16.6667
78.66,33.3333
78.68,33.3333
78.7,16.6667
78.72,0
78.74,0
78.76,16.6667
78.78,16.6667
78.8,50
78.82,66.6667
78.84,33.3333
78.86,16.6667
78.88,33.3333
78.9,33.3333
78.92,16.6667
78.94,16.6667
78.96,33.3333
78.98,16.6667
79,16.6667
79.02,33.3333
79.04,33.3333
79.06,16.6667
79.08,16.6667
79.1,33.3333
79.12,33.3333
79.14,16.6667
79.16,0
79.18,16.6667
79.2,33.3333
79.22,33.3333
79.24,50
79.26,33.3333
79.28,0
79.3,0
79.32,33.3333
79.34,33.3333
79.36,16.6667
79.38,33.3333
79.4,16.6667
79.42,16.6667
79.44,0
79.46,0
79.48,0
79.5,50
79.52,66.6667
79.54,33.3333
79.56,16.6667
79.58,16.6667
79.6,0
79.62,16.6667
79.64,16.6667
79.66,33.3333
79.68,33.3333
79.7,16.6667
79.72,33.3333
79.74,33.3333
79.76,33.3333
79.78,33.3333
79.8,33.3333
79.82,50
79.84,33.3333
79.86,0
79.88,16.6667
79.9,16.6667
79.92,0
79.94,16.6667
79.96,16.6667
79.98,0
80,0
80.02,16.6667
80.04,50
80.06,33.3333
80.08,16.6667
80.1,33.3333
80.12,16.6667
80.14,0
80.16,16.6667
80.18,33.3333
80.2,33.3333
80.22,16.6667
80.24,16.6667
80.26,50
80.28,50
80.3,16.6667
80.32,16.6667
80.34,16.6667
80.36,33.3333
80.38,33.3333
80.4,16.6667
80.42,16.6667
80.44,33.3333
80.46,50
80.48,50
80.5,16.6667
80.52,33.3333
80.54,33.3333
80.56,33.3333
80.58,16.6667
80.6,0
80.62,16.6667
80.64,0
80.66,16.6667
80.68,33.3333
80.7,16.6667
80.72,0
80.74,16.6667
80.76,16.6667
80.78,33.3333
80.8,50
80.82,50
80.84,16.6667
80.86,33.3333
80.88,33.3333
80.9,33.3333
80.92,0
80.94,16.6667
80.96,0
80.98,33.3333
81,50
81.02,33.3333
81.04,33.3333
81.06,16.6667
81.08,16.6667
81.1,33.3333
81.12,33.3333
81.14,33.3333
81.16,50
81.18,50
81.2,66.6667
81.22,33.3333
81.24,16.6667
81.26,33.3333
81.28,33.3333
81.3,0
81.32,33.3333
81.34,50
81.36,33.3333
81.38,33.3333
81.4,33.3333
81.42,33.3333
81.44,50
81.46,50
81.48,66.6667
81.5,50
81.52,50
81.54,50
81.56,16.6667
81.58,0
81.6,16.6667
81.62,33.3333
81.64,50
81.66,50
81.68,16.6667
81.7,50
81.72,16.6667
81.74,16.6667
81.76,50
81.78,50
81.8,16.6667
81.82,16.6667
81.84,16.6667
81.86,33.3333
81.88,33.3333
81.9,33.3333
81.92,33.3333
81.94,0
81.96,16.6667
81.98,33.3333
82,33.3333
82.02,16.6667
82.04,33.3333
82.06,16.6667
82.08,66.6667
82.1,83.3333
82.12,33.3333
82.14,50
82.16,50
82.18,16.6667
82.2,0
82.22,33.3333
82.24,33.3333
82.26,16.6667
82.28,33.3333
82.3,50
82.32,33.3333
82.34,16.6667
82.36,16.6667
82.38,16.6667
82.4,33.3333
82.42,33.3333
82.44,33.3333
82.46,50
82.48,66.6667
82.5,33.3333
82.52,66.6667
82.54,50
82.56,66.6667
82.58,100
82.6,100
82.62,50
82.64,66.6667
82.66,116.667
82.68,133.333
82.7,150
82.72,83.3333
82.74,83.3333
82.76,116.667
82.78,150
82.8,100
82.82,133.333
82.84,50
82.86,116.667
82.88,100
82.9,50
82.92,83.3333
82.94,50
82.96,66.6667
82.98,50
83,83.3333
83.02,33.3333
83.04,50
83.06,83.3333
83.08,116.667
83.1,100
83.12,50
83.14,66.6667
83.16,83.3333
83.18,150
83.2,166.667
83.22,166.667
83.24,116.667
83.26,216.667
83.28,266.667
83.3,266.667
83.32,233.333
83.34,266.667
83.36,383.333
83.38,550
83.4,916.667
83.42,1516.67
83.44,2400
83.46,3500
83.48,4450
83.5,5083.33
83.52,5666.67
83.54,5516.67
83.56,4383.33
83.58,3883.33
83.6,2550
83.62,1683.33
83.64,1150
83.66,933.333
83.68,650
83.7,500
83.72,533.333
83.74,350
83.76,233.333
83.78,283.333
83.8,233.333
83.82,266.667
83.84,183.333
83.86,133.333
83.88,183.333
83.9,250
83.92,116.667
83.94,166.667
83.96,200
83.98,166.667
84,166.667
84.02,150
84.04,100
84.06,150
84.08,133.333
84.1,116.667
84.12,116.667
84.14,116.667
84.16,116.667
84.18,83.3333
84.2,150
84.22,166.667
84.24,166.667
84.26,83.3333
84.28,66.6667
84.3,100
84.32,100
84.34,66.6667
84.36,83.3333
84.38,83.3333
84.4,66.6667
84.42,33.3333
84.44,50
84.46,116.667
84.48,50
84.5,83.3333
84.52,166.667
84.54,66.6667
84.56,100
84.58,133.333
84.6,83.3333
84.62,83.3333
84.64,83.3333
84.66,100
84.68,100
84.7,66.6667
84.72,50
84.74,83.3333
84.76,66.6667
84.78,66.6667
84.8,66.6667
84.82,50
84.84,100
84.86,66.6667
84.88,66.6667
84.9,33.3333
84.92,16.6667
84.94,50
84.96,50
84.98,16.6667
85,16.6667
85.02,66.6667
85.04,116.667
85.06,83.3333
85.08,50
85.1,50
85.12,16.6667
85.14,33.3333
85.16,50
85.18,66.6667
85.2,50
85.22,66.6667
85.24,83.3333
85.26,66.6667
85.28,33.3333
85.3,66.6667
85.32,133.333
85.34,83.3333
85.36,66.6667
85.38,50
85.4,16.6667
85.42,50
85.44,100
85.46,150
85.48,100
85.5,66.6667
85.52,66.6667
85.54,66.6667
85.56,66.6667
85.58,33.3333
85.6,66.6667
85.62,50
85.64,83.3333
85.66,83.3333
85.68,50
85.7,66.6667
85.72,83.3333
85.74,66.6667
85.76,66.6667
85.78,50
85.8,16.6667
85.82,66.6667
85.84,66.6667
85.86,100
85.88,50
85.9,66.6667
85.92,33.3333
85.94,50
85.96,16.6667
85.98,33.3333
86,66.6667
86.02,50
86.04,50
86.06,33.3333
86.08,50
86.1,16.6667
86.12,66.6667
86.14,83.3333
86.16,100
86.18,83.3333
86.2,33.3333
86.22,33.3333
86.24,83.3333
86.26,83.3333
86.28,100
86.3,66.6667
86.32,50
86.34,83.3333
86.36,66.6667
86.38,50
86.4,50
86.42,50
86.44,66.6667
86.46,33.3333
86.48,33.3333
86.5,66.6667
86.52,50
86.54,33.3333
86.56,50
86.58,50
86.6,50
86.62,50
86.64,33.3333
86.66,66.6667
86.68,50
86.7,83.3333
86.72,66.6667
86.74,33.3333
86.76,33.3333
86.78,50
86.8,50
86.82,66.6667
86.84,50
86.86,50
86.88,116.667
86.9,116.667
86.92,100
86.94,50
86.96,116.667
86.98,66.6667
87,33.3333
87.02,16.6667
87.04,16.6667
87.06,50
87.08,100
87.1,33.3333
87.12,50
87.14,50
87.16,150
87.18,66.6667
87.2,33.3333
87.22,66.6667
87.24,50
87.26,16.6667
87.28,66.6667
87.3,66.6667
87.32,116.667
87.34,16.6667
87.36,66.6667
87.38,66.6667
87.4,16.6667
87.42,66.6667
87.44,66.6667
87.46,50
87.48,66.6667
87.5,66.6667
87.52,33.3333
87.54,50
87.56,33.3333
87.58,83.3333
87.6,83.3333
87.62,33.3333
87.64,33.3333
87.66,150
87.68,116.667
87.7,50
87.72,33.3333
87.74,83.3333
87.76,16.6667
87.78,83.3333
87.8,66.6667
87.82,50
87.84,66.6667
87.86,66.6667
87.88,33.3333
87.9,66.6667
87.92,66.6667
87.94,83.3333
87.96,50
87.98,100
88,16.6667
88.02,33.3333
88.04,116.667
88.06,50
88.08,33.3333
88.1,166.667
88.12,133.333
88.14,33.3333
88.16,116.667
88.18,100
88.2,100
88.22,50
88.24,116.667
88.26,0
88.28,50
88.3,50
88.32,50
88.34,33.3333
88.36,100
88.38,50
88.4,33.3333
88.42,66.6667
88.44,50
88.46,50
88.48,83.3333
88.5,50
88.52,66.6667
88.54,33.3333
88.56,50
88.58,83.3333
88.6,50
88.62,66.6667
88.64,100
88.66,83.3333
88.68,33.3333
88.7,16.6667
88.72,66.6667
88.74,16.6667
88.76,50
88.78,33.3333
88.8,16.6667
88.82,33.3333
88.84,50
88.86,100
88.88,83.3333
88.9,50
88.92,33.3333
88.94,116.667
88.96,50
88.98,83.3333
89,83.3333
89.02,50
89.04,16.6667
89.06,50
89.08,66.6667
89.1,133.333
89.12,50
89.14,83.3333
89.16,33.3333
89.18,66.6667
89.2,33.3333
89.22,50
89.24,83.3333
89.26,50
89.28,83.3333
89.3,66.6667
89.32,83.3333
89.34,50
89.36,100
89.38,83.3333
89.4,66.6667
89.42,50
89.44,66.6667
89.46,50
89.48,16.6667
89.5,50
89.52,100
89.54,83.3333
89.56,100
89.58,183.333
89.6,50
89.62,50
89.64,66.6667
89.66,50
89.68,50
89.7,66.6667
89.72,83.3333
89.74,66.6667
89.76,83.3333
89.78,133.333
89.8,66.6667
89.82,66.6667
89.84,116.667
89.86,116.667
89.88,66.6667
89.9,33.3333
89.92,100
89.94,133.333
89.96,33.3333
89.98,116.667
90,50